Coefficients:
[0.14995116498006278, 47.57443222001339, -1246.9099640366856, 11823.39620591449, -58126.737627101196, 164073.03132795138, -274799.6147184357, 269344.2616586259, -142546.44836623635, 31432.157051428905]
0.0 0.15 0.14995116498006278
0.1 -0.16 -0.15951171778075374
0.2 -0.61 -0.6121959197429421
0.3 -0.86 -0.8541494602878971
0.4 -1.02 -1.030228078352279
0.5 -0.44 -0.42773864729874267
0.6 0.16 0.14979157158206713
0.7 0.05 0.05582882957504476
0.8 0.45 0.4478155596635919
0.9 1.39 1.3904852018969325
1.0 0.86 0.8599514957806026
